1 0.48173346366894754 0.032623004235907464
1 0.5685369827305311 0.03899641577060932
1 0.2045487129358097 0.013580971000325839
1 0.47221896383186707 0.03241446725317693
1 0.39028999674160963 0.026249592701205603
1 0.5290061909416748 0.03655913978494624
1 0.9808406647116324 0.06597588791137178
1 0.49148256761159986 0.03444770283479961
1 0.40272401433691757 0.02770935158031932
1 0.3321733463668948 0.02325187357445422
1 0.4887194525904203 0.03442163571195829
1 0.5265298142717497 0.036050830889540565
1 0.9658520690778756 0.0657803844900619
1 1.0 0.06923427826653633
1 0.23873574454219615 0.015835777126099706
