0.4735109884276463 0.02942191315426266
0.5642053296528294 0.03664136320203843
0.20121562798598577 0.01313833740312135
0.4684414481367449 0.030178362883533285
0.39547722688183456 0.024750504299819513
0.5342260324875252 0.034584350780337614
0.9891177407368086 0.06376738507272534
0.49718653784902855 0.031797430725130055
0.41180061577662175 0.02644919842870793
0.32969264253105424 0.021591994903917614
0.4800403439855611 0.0315187387196093
0.5248964858265208 0.033973882577768344
0.9627481685953923 0.061007007113281664
1.0 0.06464327423293344
0.2392902643592738 0.014850302579891709
